38
28
31
47
46
30
21
31
24
35
14
39
15
46
35
20
39
26
40
28
31
26
41
32
38
21
24
25
21
37
26
23
12
38
42
10
47
33
28
42
31
40
29
13
41
20
14
43
14
27
16
23
23
16
41
56
39
43
41
37
24
27
19
48
37
23
18
16
20
31
43
6
25
20
9
29
31
28
32
19
38
40
10
35
37
32
32
15
29
18
23
25
25
27
17
18
26
34
39
24
44
22
31
19
27
38
31
30
22
16
44
9
17
19
32
18
34
16
26
22
17
40
11
36
29
14
31
13
19
41
19
28
40
13
34
55
20
41
23
24
26
43
32
38
25
23
24
20
9
38
39
21
58
35
35
30
49
35
29
34
33
25
35
42
31
30
26
36
19
30
28
45
5
10
20
29
16
15
51
24
20
46
41
24
29
36
37
44
12
32
15
35
31
27
25
37
14
22
37
21
39
24
12
10
31
44
40
34
27
17
29
27
21
44
10
48
22
49
36
25
46
20
11
21
46
47
21
15
42
39
31
38
10
10
39
23
18
54
44
25
33
14
43
17
34
22
63
31
33
30
3
38
25
6
36
46
35
26
59
21
40
34
25
19
25
16
24
26
43
21
12
26
34
16
37
28
37
12
19
28
35
40
16
20
15
28
42
14
34
19
17
29
24
37
17
15
29
58
24
28
29
22
34
29
40
35
17
54
49
33
23
25
10
37
8
27
43
30
16
36
40
30
14
21
36
5
37
15
47
35
23
26
17
18
15
23
50
39
50
23
43
33
30
29
40
28
37
52
33
43
19
38
26
17
32
37
36
44
26
10
6
41
33
45
20
48
18
19
33
22
36
26
19
55
31
27
53
24
39
37
33
26
42
4
29
41
15
46
23
22
33
35
9
24
32
35
40
20
45
14
29
9
35
13
36
10
26
43
30
14
15
45
12
37
51
10
33
21
21
38
63
39
30
26
7
27
12
29
22
21
15
41
21
34
37
19
36
15
34
16
26
24
13
29
26
57
23
36
33
26
32
14
37
35
25
48
51
20
37
29
41
23
26
12
24
11
33
26
13
18
31
36
50
35
18
32
24
17
32
14
41
38
55
14
31
26
30
40
43
18
24
38
22
44
21
41
16
18
12
35
45
34
42
19
16
26
42
47
20
30
31
15
12
41
38
25
26
30
40
19
36
9
19
13
39
29
15
28
45
18
20
23
41
20
20
31
26
31
42
35
22
31
11
17
45
37
8
55
31
24
31
26
29
29
24
31
48
30
28
36
34
18
32
32
48
10
13
27
29
29
33
37
29
30
31
29
51
4
38
22
19
24
25
20
40
13
17
36
31
22
23
42
32
17
24
16
67
37
17
20
39
33
32
42
43
32
33
18
36
11
24
16
47
34
26
7
35
17
28
38
26
36
56
31
9
24
25
44
17
33
38
20
30
23
25
31
28
23
58
32
17
37
5
25
30
34
39
7
30
46
23
18
30
8
8
27
31
28
40
33
23
21
31
26
24
51
19
70
9
44
45
17
32
37
21
15
31
31
57
48
49
22
16
44
16
24
29
14
22
12
16
34
38
11
21
28
16
24
21
22
18
26
38
33
14
14
21
44
18
28
31
26
23
8
18
17
34
25
17
43
33
28
5
20
29
14
32
39
13
29
34
46
18
37
23
21
26
14
19
40
29
33
36
32
15
45
27
7
22
36
21
41
39
36
42
18
29
27
40
28
32
27
21
17
48
38
11
36
40
39
33
11
32
16
44
14
20
25
21
34
30
30
16
28
36
35
52
17
35
26
31
27
35
48
20
41
45
48
22
34
15
30
28
24
40
33
9
23
40
26
28
26
21
62
40
33
19
31
24
22
49
29
35
32
50
46
50
38
17
39
23
34
52
44
45
43
45
16
40
50
29
32
34
15
34
36
44
18
28
45
11
44
35
40
28
38
26
35
38
39
29
11
25
10
23
34
18
33
24
15
18
27
44
53
35
38
38
25
26
12
47
29
40
13
29
32
25
36
12
30
43
13
31
34
42
27
37
41
40
23
42
44
45
18
30
25
18
36
14
21
40
24
24
21
10
28
18
26
14
70
58
29
24
39
26
42
15
24
10
36
48
21
20
45
20
15
36
33
31
34
18
37
13
26
17
45
55
47
39
18
38
5
30
11
24
21
19
16
22
31
13
31
26
34
31
47
27
24
19
22
28
21
22
34
23
20
30
27
33
31
54
18
15
46
32
36
24
14
16
22
31
16
34
35
23
32
11
9
14
11
