1000 1000 15
400 304 20
883 673 69
795 541 61
854 139 88
100 89 93
81 72 83
115 271 41
473 972 22
480 302 89
59 741 5
786 676 51
228 747 66
390 139 43
992 953 3
704 949 77
155 867 72
546 981 8
528 26 5
697 188 1
673 522 9
762 960 61
420 784 55
545 981 3
884 836 2
970 910 66
278 39 65
489 209 100
386 767 14
267 545 87
966 832 19
435 944 100
322 574 37
254 310 41
770 950 96
965 375 35
186 507 72
868 989 63
499 430 64
345 523 89
313 276 46
357 55 43
862 96 79
507 676 26
410 645 39
491 554 54
863 704 67
449 323 7
78 515 25
625 223 90
112 966 60
658 547 63
303 883 95
200 457 35
507 336 90
858 795 18
819 188 3
73 306 51
316 665 57
115 994 13
399 363 3
546 973 51
5 669 60
663 58 10
236 6 88
605 990 2
995 876 8
258 497 43
690 416 43
378 86 9
846 694 49
820 958 5
511 202 78
383 859 76
138 944 99
746 183 44
435 970 88
508 455 70
627 632 65
682 555 5
5 446 95
610 961 36
20 737 61
819 822 56
824 302 90
3 32 25
678 834 19
775 765 68
882 561 69
427 245 85
953 489 89
965 796 37
72 713 97
753 389 22
793 472 80
208 596 20
92 850 45
489 202 76
972 447 16
783 823 51
285 948 87
456 973 51
46 783 26
60 504 61
868 557 75
976 736 37
564 662 73
360 680 4
541 106 19
92 19 59
178 944 87
580 544 65
635 985 23
423 179 24
946 624 32
240 621 49
671 484 45
939 778 79
690 413 87
599 510 43
825 53 88
578 388 87
424 848 57
200 242 32
847 910 81
684 852 49
76 922 10
475 993 83
127 460 54
842 892 28
128 216 14
945 354 11
618 327 65
265 379 91
623 13 97
723 796 85
952 33 10
218 600 67
817 476 1
830 69 43
909 481 16
547 537 58
70 543 2
316 467 90
350 846 84
31 756 14
516 143 82
493 531 82
510 338 31
343 520 80
861 732 32
226 172 44
379 557 17
168 715 74
51 98 61
141 607 56
809 926 1
983 40 12
74 215 47
997 544 59
309 614 99
969 364 28
33 66 80
956 690 62
644 286 27
935 518 31
729 263 53
553 247 12
211 148 6
485 141 93
702 537 49
402 38 27
890 704 50
335 107 67
142 961 80
350 359 69
224 480 7
528 311 66
671 921 63
757 638 71
218 895 13
80 982 78
897 987 14
363 169 46
858 735 14
862 439 96
128 118 33
980 157 87
225 781 3
346 739 97
338 32 63
581 499 32
164 700 93
683 416 50
884 640 72
13 465 68
821 320 96
75 816 53
786 649 15
650 932 20
574 425 71
614 328 85
726 225 57
897 806 73
622 485 8
143 347 46
582 622 11
9 627 22
641 17 53
904 506 44
164 680 65
535 234 15
430 208 58
390 597 63
471 506 16
98 633 100
956 579 52
570 230 37
160 468 55
24 90 53
889 424 25
415 164 93
770 107 81
608 653 97
437 970 77
20 626 90
685 849 83
43 778 43
18 930 79
231 551 9
22 261 94
450 848 46
769 113 90
539 160 12
803 746 38
338 745 37
995 550 30
895 724 73
308 356 48
183 205 27
575 561 42
31 405 30
77 407 10
719 235 19
777 372 15
335 960 81
988 578 27
441 484 43
273 488 43
812 502 66
905 144 23
470 362 62
157 458 18
220 363 1
414 81 52
550 693 46
84 494 23
554 767 12
251 163 35
102 365 72
833 427 91
194 469 47
45 527 30
346 649 57
228 938 75
511 72 64
489 985 89
391 67 60
896 715 100
25 359 30
581 91 95
493 217 33
373 773 40
660 271 68
640 400 90
973 758 32
597 917 95
831 994 73
187 304 94
87 619 60
252 41 11
977 877 69
201 480 90
943 16 47
697 769 21
57 202 23
84 547 31
34 306 62
114 594 45
48 982 46
502 604 91
351 163 100
567 198 59
197 892 1
917 531 44
793 499 48
699 751 42
121 381 94
320 715 14
494 103 49
86 459 97
745 69 28
819 757 99
24 990 63
877 642 26
472 599 3
939 440 1
964 595 1
95 868 16
505 640 61
306 500 35
491 382 80
581 349 39
484 303 86
446 718 35
405 756 41
526 695 1
751 558 56
108 11 70
999 564 68
223 732 57
207 332 67
815 989 20
238 880 95
648 985 24
817 651 18
653 943 65
304 938 98
70 688 90
640 440 44
859 424 69
599 246 76
307 593 82
773 399 36
76 585 88
437 935 23
252 876 40
216 155 87
920 372 2
791 397 32
788 907 72
822 999 48
821 716 28
690 619 15
727 299 75
692 450 20
695 511 99
518 259 92
539 456 75
968 303 100
563 135 23
476 704 64
953 695 80
16 137 14
367 238 14
575 434 51
119 699 73
201 31 5
290 65 84
95 731 2
551 404 40
432 864 14
486 438 90
93 772 25
971 835 11
978 27 47
352 821 70
432 165 17
73 901 67
193 112 13
78 720 10
906 228 69
119 958 43
998 327 95
116 457 98
83 347 3
408 374 59
772 573 65
777 663 71
528 751 78
958 766 76
911 996 13
36 747 80
89 479 2
270 970 28
543 915 28
647 163 36
515 749 1
574 242 67
560 745 81
678 549 56
776 706 24
199 899 22
523 185 34
369 389 43
584 511 73
53 467 50
396 899 65
589 576 86
116 96 71
551 862 80
906 426 75
449 582 40
591 639 56
231 731 3
987 698 44
391 757 78
117 538 100
246 986 36
90 871 93
884 698 46
234 8 33
585 568 7
407 502 45
343 946 69
460 332 15
530 23 5
301 171 55
432 908 47
453 252 26
344 256 15
868 804 14
161 696 16
65 319 19
164 305 96
19 372 56
970 65 63
59 219 46
610 718 7
232 23 41
795 364 100
213 120 12
27 708 15
754 397 82
195 116 48
396 950 46
731 401 100
14 739 44
525 699 75
661 403 77
496 822 100
226 830 94
604 941 78
178 614 23
481 952 41
292 935 34
728 366 17
246 556 63
502 788 37
243 462 24
722 373 92
528 575 35
484 941 24
188 424 26
202 722 17
340 895 8
13 836 16
338 526 57
218 242 44
568 837 25
576 197 94
933 553 83
848 58 39
37 492 88
755 382 61
609 809 54
106 284 42
493 929 24
597 289 50
28 65 52
657 406 19
627 227 91
362 714 69
736 663 38
999 649 86
555 978 61
959 543 66
855 270 61
724 548 14
488 545 78
705 364 19
677 409 10
80 945 45
465 957 29
825 820 13
147 418 34
583 805 7
63 286 86
507 523 48
884 8 8
928 826 74
557 445 96
347 300 20
264 605 51
448 167 32
726 454 44
163 680 11
21 119 97
818 365 97
390 969 58
792 207 33
333 772 54
37 950 33
173 68 77
979 463 72
776 527 20
540 606 93
384 198 6
183 705 39
906 195 7
422 265 15
596 96 4
993 119 13
247 936 20
687 972 70
710 4 85
270 381 32
569 810 9
967 688 22
715 169 34
56 140 70
773 169 77
854 107 26
78 158 61
761 700 44
597 209 31
931 498 95
894 731 31
13 928 10
725 630 47
835 940 85
800 394 38
902 128 52
816 968 19
140 51 5
936 361 14
777 143 25
499 911 31
601 849 71
989 885 25
910 776 31
915 642 14
439 15 80
302 819 23
626 811 65
11 900 84
355 696 76
103 561 98
982 492 43
597 235 49
916 188 71
124 516 41
765 288 52
379 245 34
874 926 49
574 456 43
953 502 90
288 41 67
617 806 7
945 368 23
93 949 15
170 107 46
353 827 91
688 356 20
769 277 57
78 494 55
574 347 22
235 351 18
997 856 87
402 128 53
797 167 98
108 752 41
631 103 41
781 806 6
421 712 73
728 306 99
295 684 39
907 484 20
395 3 9
58 909 56
210 949 7
537 379 21
300 55 43
26 801 33
797 316 92
807 469 48
535 964 25
280 106 72
186 469 17
561 787 28
282 756 82
411 418 53
985 694 48
413 868 4
154 756 42
299 979 38
992 679 60
775 167 78
596 584 89
534 818 68
566 512 97
636 461 51
66 946 63
90 133 88
370 98 56
370 903 58
855 876 73
467 949 95
716 564 71
792 35 73
524 284 4
733 510 14
423 847 49
93 926 34
687 705 16
638 610 42
531 420 35
153 924 54
690 437 80
291 604 91
19 289 80
67 536 14
563 799 25
532 531 37
601 574 92
33 79 51
602 195 69
844 22 63
921 138 46
243 250 9
750 571 56
658 475 58
897 483 13
692 54 41
609 219 11
873 612 21
716 697 17
897 727 2
719 886 37
413 835 92
825 407 92
137 358 95
475 543 8
781 884 57
657 283 90
262 473 92
420 740 78
736 648 33
139 259 59
720 802 91
992 210 28
218 134 87
114 743 82
242 811 44
236 887 22
900 309 43
370 37 95
386 10 81
87 441 41
677 287 71
707 51 11
407 95 87
509 826 68
280 585 28
810 557 59
760 465 93
12 679 25
716 782 33
165 77 65
735 202 37
481 898 58
707 81 25
528 661 57
777 717 50
58 27 100
574 741 57
160 613 6
56 258 63
527 589 88
802 50 84
352 398 43
965 739 96
66 72 4
315 371 83
783 766 23
395 120 78
141 251 3
106 179 95
149 341 50
175 429 56
446 850 98
850 349 98
871 377 12
615 338 51
304 229 98
730 617 36
698 305 92
888 715 38
255 258 50
83 527 58
357 627 66
132 462 93
589 764 63
498 769 2
197 960 42
671 68 9
799 160 85
888 908 2
716 509 86
174 51 40
793 468 88
779 216 65
637 574 46
637 717 5
437 234 76
905 357 18
593 403 14
323 732 34
294 176 81
794 694 65
858 849 8
948 663 100
200 502 96
994 579 3
813 210 10
42 807 34
267 594 63
154 584 41
783 832 88
744 724 89
508 610 45
674 284 44
826 178 35
604 37 86
348 515 83
843 373 83
938 649 76
704 647 68
296 262 28
396 751 93
137 463 74
347 484 63
915 909 97
832 848 70
176 860 17
586 171 35
603 543 21
178 57 15
183 997 95
651 962 2
747 842 50
120 741 78
1 900 98
466 345 99
196 710 76
603 724 51
515 831 75
384 791 71
458 536 9
425 48 17
434 993 87
764 526 17
222 471 71
424 564 34
376 46 93
901 748 44
510 947 10
108 797 12
88 115 37
886 236 63
234 856 51
137 116 11
873 257 29
442 723 72
483 861 15
632 991 82
402 639 84
358 700 33
808 75 14
867 235 12
983 551 56
392 589 68
600 580 22
668 539 58
860 3 14
467 558 67
151 781 91
91 448 52
795 824 97
542 196 44
116 234 96
212 512 54
770 875 73
607 880 37
202 152 59
831 228 71
105 31 98
776 432 6
96 919 49
919 995 60
316 253 56
639 597 3
211 360 21
698 822 13
355 830 56
189 722 80
898 25 58
714 925 96
224 394 59
190 781 26
878 885 67
986 552 39
450 444 75
18 555 2
962 154 52
54 767 78
547 869 67
330 115 11
164 222 28
36 632 29
962 69 43
583 411 70
422 226 60
294 223 70
181 390 95
118 573 50
964 496 91
498 431 24
254 650 53
346 114 17
863 993 48
186 878 24
937 697 61
40 783 92
760 889 62
610 879 42
705 287 68
113 135 33
767 744 85
456 999 78
557 307 91
947 319 93
173 104 43
51 222 64
191 217 76
201 84 42
862 290 51
616 404 38
825 56 14
372 853 59
797 352 7
862 474 33
600 595 39
672 796 19
793 41 53
852 511 70
890 926 76
306 62 10
921 207 63
516 274 99
54 123 56
6 66 13
830 531 61
37 60 72
934 713 85
762 551 57
787 430 44
955 471 4
566 355 16
197 253 30
377 376 10
519 371 54
65 48 19
537 258 90
92 970 61
40 209 3
673 887 92
504 385 41
917 200 67
214 400 75
945 764 11
407 903 3
124 588 63
255 570 75
919 730 3
230 298 4
512 513 56
779 490 80
686 3 27
954 757 11
681 79 65
168 565 59
427 516 8
753 806 97
214 271 67
723 254 73
346 202 44
951 881 96
475 631 76
988 102 33
185 486 95
229 483 62
724 593 48
925 632 59
145 574 54
83 815 36
865 718 47
34 676 40
911 510 50
487 133 94
368 610 69
294 652 92
920 421 12
643 118 84
964 381 28
572 832 5
539 321 67
222 855 42
834 456 78
208 724 1
410 869 55
378 377 73
359 404 36
951 953 41
251 822 38
757 494 92
422 145 75
565 639 49
234 249 23
324 812 9
251 623 80
633 641 43
866 686 39
234 265 78
445 796 83
76 4 5
986 996 49
659 35 76
458 800 100
307 617 36
595 213 83
447 487 65
228 771 59
924 371 23
634 632 53
790 510 8
941 711 2
5 253 75
908 941 50
223 380 83
62 949 56
330 219 81
228 421 69
179 310 22
376 484 71
274 27 67
405 348 6
666 334 76
163 815 49
362 314 12
149 173 66
613 392 20
717 952 75
237 774 80
396 188 90
507 569 98
625 892 95
550 97 42
991 62 2
410 748 74
974 786 31
277 110 22
967 515 32
57 309 28
178 149 39
350 801 100
862 155 66
445 627 43
887 354 80
859 674 81
907 134 7
265 655 21
323 18 1
312 549 44
191 959 53
982 439 41
882 959 92
417 160 86
436 491 89
22 625 62
896 951 9
500 928 77
718 714 46
234 916 3
513 795 96
964 987 50
291 176 4
942 508 18
811 589 76
407 662 85
580 431 44
78 494
475 993
498 769
776 706
280 585
954 757
799 160
62 949
436 491
941 711
168 565
783 823
637 717
915 642
231 551
