19647
38463
32609
47195
35163
63265
4850
12340
33850
29511
16019
60772
22740
22239
38693
58577
27082
29272
49183
40417
63331
35247
9541
27010
18647
38484
12306
7818
57294
19990
56129
36573
24531
45658
52532
53009
1897
14999
26446
33041
11329
16618
39164
29757
57532
16524
52597
106
49846
18517
61350
47713
42591
18354
18952
9272
7726
19926
14889
16773
26028
45341
21469
6463
13250
19151
54253
23223
11784
4791
46888
35354
46180
44523
19353
63886
6500
20928
1503
18017
8469
36767
11993
17494
57178
28617
48195
15656
21063
14157
3491
63337
45526
47541
64268
63043
12864
32570
62511
44290
